         1         2         3         4         5         6         7         8         9        10
....5....0....5....0....5....0....5....0....5....0....5....0....5....0....5....0....5....0....5....0
 XXXXXX     XXXXXX        Cartela 1                 Cartela 2             00
XX    XX   XX    XX       01  01  01  01  01        02  02  02  02  02    01
XX    XX   XX    XX       01  01  01  01  01        02  02  02  02  02    02
 XXXXXX     XXXXXX        01  01  01  01  01        02  02  02  02  02    03
XX    XX   XX    XX       01  01  01  01  01        02  02  02  02  02    04
XX    XX   XX    XX       01  01  01  01  01        02  02  02  02  02    05
 XXXXXX     XXXXXX                                                        06
 
         1         2         3         4         5         6         7         8         9        10
....5....0....5....0....5....0....5....0....5....0....5....0....5....0....5....0....5....0....5....0
Cartela 3                 Cartela 4                 Cartela 5             08   
00  00  00  00  00        01  01  01  01  01        02  02  02  02  02    09
00  00  00  00  00        01  01  01  01  01        02  02  02  02  02    10
00  00  00  00  00        01  01  01  01  01        02  02  02  02  02    11
00  00  00  00  00        01  01  01  01  01        02  02  02  02  02    12
00  00  00  00  00        01  01  01  01  01        02  02  02  02  02    13

00 00 00 00 00 00 00 00 00 00 00 00 00 00 00 00 00 00 00 00 00 00 00 00 00 00 
